红球统计：
01  02  03  04  05  06  07  08  09  10  11  12  13  14  15  16  17  18  19  20  21  22  23  24  25  26  27  28  29  30  31  32  33  34  35  
10  9   4   9   8   12  6   5   7   4   3   6   9   11  11  6   10  6   6   5   5   8   4   5   7   8   6   9   8   9   5   8   5   0   0   
篮球统计：
01  02  03  04  05  06  07  08  09  10  11  12  13  14  15  16  
3   3   2   0   3   4   1   3   6   0   3   5   3   1   2   0   

2013-04-07   2013039期
号码：01 02 14 15 24 29  06
次数：10 9  11 11 5  8   4

2013-04-04   2013038期
号码：09 10 12 14 15 19  11
次数：7  4  6  10 10 6   3

2013-04-02   2013037期
号码：02 15 18 27 28 32  14
次数：8  9  6  6  9  8   1

2013-03-31   2013036期
号码：04 05 09 27 29 31  13
次数：9  8  6  5  7  5   3

2013-03-28   2013035期
号码：01 14 15 17 26 30  02
次数：9  9  8  10 8  9   3

2013-03-26   2013034期
号码：06 15 20 22 26 33  09
次数：12 7  5  8  7  5   6

2013-03-24   2013033期
号码：05 06 13 17 19 28  01
次数：7  11 9  9  5  8   3

2013-03-21   2013032期
号码：04 21 25 29 30 33  03
次数：8  5  7  6  8  4   2

2013-03-19   2013031期
号码：03 13 14 15 21 33  03
次数：4  8  8  6  4  3   1

2013-03-17   2013030期
号码：07 14 18 25 26 29  06
次数：6  7  5  6  6  5   3

2013-03-14   2013029期
号码：06 07 10 19 23 29  12
次数：10 5  3  4  4  4   5

2013-03-12   2013028期
号码：07 08 14 25 26 28  13
次数：4  5  6  5  5  7   2

2013-03-10   2013027期
号码：01 02 04 12 21 24  12
次数：8  7  7  5  3  4   4

2013-03-07   2013026期
号码：04 11 14 15 22 31  11
次数：6  3  5  5  7  4   2

2013-03-05   2013025期
号码：16 17 18 24 25 30  08
次数：6  8  4  3  4  7   3

2013-03-03   2013024期
号码：04 05 13 23 27 30  09
次数：5  6  7  3  4  6   5

2013-02-28   2013023期
号码：03 06 15 18 30 32  05
次数：3  9  4  3  5  7   3

2013-02-26   2013022期
号码：02 04 07 09 15 20  07
次数：6  4  3  5  3  4   1

2013-02-24   2013021期
号码：01 06 17 19 26 31  11
次数：7  8  7  3  4  3   1

2013-02-21   2013020期
号码：01 07 08 12 16 21  01
次数：6  2  4  4  5  2   2

2013-02-19   2013019期
号码：01 02 05 16 20 26  06
次数：5  5  5  4  3  3   2

2013-02-17   2013018期
号码：02 08 13 28 29 30  05
次数：4  3  6  6  3  4   2

2013-02-07   2013017期
号码：04 06 12 30 31 32  09
次数：3  7  3  3  2  6   4

2013-02-05   2013016期
号码：02 05 06 12 14 28  05
次数：3  4  6  2  4  5   1

2013-02-03   2013015期
号码：05 06 07 11 13 18  15
次数：3  5  1  2  5  2   2

2013-01-31   2013014期
号码：02 04 05 17 19 20  08
次数：2  2  2  6  2  2   2

2013-01-29   2013013期
号码：05 06 13 19 22 28  09
次数：1  4  4  1  6  4   3

2013-01-27   2013012期
号码：06 14 17 22 28 29  02
次数：3  3  5  5  3  2   2

2013-01-24   2013011期
号码：03 12 17 24 27 29  09
次数：2  1  4  2  3  1   2

2013-01-22   2013010期
号码：01 09 11 17 32 33  12
次数：4  4  1  3  5  2   3

2013-01-20   2013009期
号码：01 04 09 13 16 23  02
次数：3  1  3  3  3  2   1

2013-01-17   2013008期
号码：03 08 17 21 25 32  15
次数：1  2  2  1  3  4   1

2013-01-15   2013007期
号码：02 09 15 22 26 32  01
次数：1  2  2  4  2  3   1

2013-01-13   2013006期
号码：09 10 13 17 22 30  13
次数：1  2  2  1  3  2   1

2013-01-10   2013005期
号码：01 13 14 25 31 32  12
次数：2  1  2  2  1  2   2

2013-01-08   2013004期
号码：06 10 16 20 27 32  08
次数：2  1  2  1  2  1   1

2013-01-06   2013003期
号码：22 23 26 27 28 33  09
次数：2  1  1  1  2  1   1

2013-01-03   2013002期
号码：01 16 18 22 28 30  12
次数：1  1  1  1  1  1   1

2013-01-01   2013001期
号码：06 08 14 15 24 25  06
次数：1  1  1  1  1  1   1

